		Volume(m³)	Mass(kg)	Centroid X(m)	Centroid Y(m)	Centroid Z(m)	Ixx(kg·m²)	Iyy(kg·m²)	Izz(kg·m²)	Ixy(kg·m²)	Iyz(kg·m²)	Izx(kg·m²)


kit		7.9621e-004	4.2261		8.0563e-005	5.983e-004	-6.8188e-003	9.7453e-003	8.7016e-003	9.8525e-003	-3.4291e-005	-1.1488e-003	-1.5874e-005
shell		2.7887e-004	2.16		-4.4019e-004	1.2908e-003	-1.9633e-002	1.399e-002	1.1514e-002	1.1262e-002	-7.123e-005	-2.3621e-004	-4.8274e-005
rotor		1.746e-004	1.0548		-1.3235e-005	-5.2027e-003	-1.569e-002	1.2427e-003	1.2127e-003	4.4647e-004	-1.7655e-008	-9.5056e-005	6.3164e-007
biela		3.5043e-006	2.4202e-002	-2.0377e-004	-1.9732e-003	4.6062e-002	5.7487e-005	5.2214e-005	6.6159e-006	3.3582e-007	2.2127e-006	2.2626e-007
pistao	 	4.0982e-006	2.907e-002	-2.0001e-003	2.7034e-002	4.5696e-002	8.3842e-005	6.2669e-005	2.3009e-005	1.5719e-006	-3.5911e-005	2.6569e-006



Sensor kit 	2.0735e-002			5.3302e-018	-7.233e-002	3.12e-002
Lug Superior
1						-4.313e-002	3.78e-002	-5.6351e-002
2						-4.313e-002	-4.846e-002	-5.6351e-002
3						4.313e-002	-4.846e-002	-5.6351e-002
4						4.313e-002	3.78e-002	-5.6351e-002
Lug inferior
1						4.313e-002	-4.846e-002	-7.4521e-002
2						4.313e-002	3.78e-002	-7.3621e-002
3						-4.313e-002	3.78e-002	-7.3621e-002
4						-4.313e-002	-4.846e-002	-7.4521e-002

Encaixe Grommets superior
1						-3.26e-002	-8.538e-002	-8.9675e-002
2						3.26e-002	-8.538e-002	-8.9675e-002
3						3.26e-002	8.538e-002	-8.9675e-002
4						-3.26e-002	8.538e-002	-8.9675e-002
